24

4 4
4 9 2 1
5 9 5 3
5 7 6 2
8 9 7 7

3 15
51 44 17 7 3 66 50 70 47 56 73 8 12 42 10 
38 7 69 39 16 85 55 79 82 71 72 96 46 53 77 
3 58 53 9 89 15 55 29 84 63 79 98 2 29 18 

10 6
44 22 26 52 63 53 
6 9 57 76 76 81 
21 89 32 61 85 2 
89 95 75 33 57 97 
77 2 92 77 87 51 
64 6 32 9 4 30 
17 51 35 95 25 18 
60 90 59 46 4 11 
13 42 7 64 65 36 
12 96 59 63 24 78 

2 10
38 77 36 27 79 43 81 28 58 50 
52 88 74 56 14 68 67 37 26 87 

9 14
87 73 46 25 96 91 44 30 88 74 60 7 81 4 
96 21 60 65 25 56 18 39 48 73 7 91 33 57 
18 44 72 69 13 14 29 98 27 79 12 83 70 56 
53 35 67 30 65 19 75 68 20 68 12 29 4 85 
53 22 82 34 89 27 54 52 92 33 13 48 54 46 
50 15 4 23 96 79 74 38 97 17 92 62 37 50 
3 12 66 63 31 93 60 70 28 42 84 45 17 57 
72 41 14 14 98 59 46 53 97 95 87 75 52 18 
59 44 96 40 71 7 6 73 44 11 94 77 95 91 

7 1
37 
67 
34 
16 
64 
59 
18 

8 5
52 9 84 79 42 
49 42 23 32 4 
49 2 33 91 34 
60 37 26 8 93 
87 52 4 67 56 
18 55 21 48 79 
76 61 67 66 78 
88 88 78 77 92 

6 9
93 39 77 27 88 72 15 27 46 
14 97 6 2 7 60 54 82 16 
86 25 97 22 7 34 88 74 35 
36 66 69 81 9 69 56 17 17 
67 2 32 48 95 46 63 76 12 
89 5 64 92 42 95 25 79 5 

5 7
72 6 37 53 1 89 89 
80 7 16 41 46 98 67 
95 95 29 34 83 48 74 
82 67 24 23 86 88 66 
94 2 7 33 52 66 81 

2 5
7 66 82 83 52 
95 54 1 19 62 

14 1
95 
33 
43 
55 
38 
28 
24 
50 
8 
16 
29 
64 
78 
51 

1 9
41 82 73 32 10 76 21 44 19 

5 11
74 53 34 2 5 29 38 13 81 44 96 
75 27 41 55 93 51 55 66 46 15 32 
30 21 11 16 30 75 44 4 47 62 51 
82 32 2 94 38 4 16 66 45 58 50 
42 35 54 88 50 12 29 15 50 94 32 

2 9
30 82 37 47 12 34 72 19 96 
88 20 35 49 25 84 85 82 79 

1 15
56 84 5 44 91 36 70 26 14 9 72 85 32 87 55 

3 12
31 51 55 58 59 29 27 22 38 15 30 90 
12 65 73 65 95 35 68 70 96 73 6 95 
71 45 47 20 94 54 80 40 19 68 27 82 

7 7
88 68 68 9 58 38 25 
66 41 57 30 46 56 79 
66 45 61 88 37 13 48 
49 49 33 70 95 34 17 
95 51 83 32 81 40 45 
68 13 11 28 86 23 82 
89 5 63 80 83 55 97 

2 10
5 42 82 7 46 85 76 53 38 15 
43 52 38 2 39 97 9 63 67 24 

15 1
24 
87 
18 
1 
98 
7 
31 
10 
91 
44 
44 
13 
66 
5 
75 

9 12
16 69 82 89 26 85 81 42 87 97 63 21 
24 35 85 24 93 87 70 48 42 77 12 88 
42 26 96 52 65 75 30 92 92 52 3 98 
2 15 41 6 75 88 35 82 87 20 50 80 
13 94 95 43 69 68 72 9 51 18 21 40 
24 33 72 25 54 31 60 19 87 12 28 58 
13 33 51 19 32 2 86 37 46 86 32 25 
1 16 69 20 39 20 67 68 67 13 49 62 
74 28 69 81 49 25 69 48 29 14 73 67 

4 4
52 43 2 49 
21 95 17 52 
47 37 48 72 
86 5 96 36 

12 6
19 86 4 64 26 48 
4 65 80 91 24 21 
74 60 84 60 76 64 
56 88 13 74 56 28 
51 48 74 3 96 12 
14 30 53 1 48 15 
76 2 67 12 19 24 
49 70 6 54 16 1 
9 55 92 23 14 25 
64 98 21 94 54 79 
33 69 14 42 49 56 
91 35 43 52 11 92 

3 5
48 62 50 76 31 
51 62 23 48 91 
78 67 34 97 95 

1 15
56 84 53 34 59 66 84 43 63 79 88 58 74 73 45 

